"emg.time","emg.sequence_number","emg.sig7","emg.sig8","emg.sig1","emg.sig2","emg.sig3","emg.sig4","emg.sig5","emg.sig6"
"1",1434392707,385380001,0,-1,0,-4,-1,15,2,-2
"2",1434392707,385370001,-1,0,1,-3,-1,5,4,-2
"3",1434392707,385360001,-2,-2,0,-3,2,-9,-5,-3
"4",1434392707,385350001,0,0,0,-1,-3,-2,-1,0
"5",1434392706,385340001,-1,0,0,-3,-3,-7,1,-1
"6",1434392706,385330001,-2,0,-2,-3,-1,-5,1,0
"7",1434392706,385320001,2,2,4,3,0,-10,-14,-1
"8",1434392706,385310001,-2,-3,-3,-2,-5,5,-6,-1
"9",1434392706,385300001,2,-1,4,1,-2,-15,1,2
"10",1434392706,385290001,-6,-3,-1,-4,-4,49,8,-6
"11",1434392706,385280001,-1,-2,-1,0,-1,-28,-15,-4
"12",1434392706,385270001,0,-1,0,0,-2,17,8,-1
"13",1434392706,385260001,0,0,0,-8,-5,-5,3,-5
"14",1434392706,385250001,-3,0,1,1,1,-1,-9,-1
"15",1434392705,385240001,-2,-4,-7,-7,-3,-9,-2,2
"16",1434392705,385230001,0,4,1,-1,-1,-80,-28,-2
"17",1434392705,385220001,0,2,1,2,-5,95,7,-2
"18",1434392705,385210001,-8,4,-4,-2,2,-3,-33,-68
"19",1434392705,385200001,-4,34,-4,-1,-4,-3,-12,66
"20",1434392705,385190001,-4,-4,-34,-2,21,19,12,4
"21",1434392705,385180001,-6,0,2,0,-22,-94,-17,-5
"22",1434392705,385170001,-12,-12,-3,-13,-6,49,-38,-55
"23",1434392705,385160001,9,5,-2,1,12,88,19,48
"24",1434392705,385150001,-3,24,2,-9,-7,-12,-36,111
"25",1434392704,385140001,31,36,-3,3,3,16,63,-11
"26",1434392704,385130001,-83,-128,-53,10,-11,-2,46,97
"27",1434392704,385120001,12,-73,-94,-8,-2,-8,-102,-96
"28",1434392704,385110001,46,15,-50,-11,-6,-11,-5,96
"29",1434392704,385100001,-11,-78,-14,1,1,-20,-21,-58
"30",1434392704,385090001,-10,-9,0,6,39,126,15,-50
"31",1434392704,385080001,5,6,6,24,73,127,-7,-21
"32",1434392704,385070001,7,15,-9,-37,-56,-93,-82,-19
"33",1434392704,385060001,37,18,-2,7,2,0,-7,57
"34",1434392704,385050001,29,-72,68,0,4,-13,-48,127
"35",1434392703,385040001,49,87,-94,-27,-4,-19,-51,-38
"36",1434392703,385030001,-58,-10,46,0,-1,-2,8,37
"37",1434392703,385020001,-3,-3,16,4,4,11,0,-30
"38",1434392703,385010001,-1,0,-3,-3,-1,-5,-4,1
"39",1434392703,385000001,0,-1,0,0,7,8,0,5
"40",1434392703,384990001,1,0,-1,1,32,7,3,4
"41",1434392703,384980001,-2,-2,0,-1,-5,4,-4,-2
"42",1434392703,384970001,-1,-1,-2,0,0,-5,5,1
"43",1434392703,384960001,-1,0,1,-3,-6,-3,-6,3
"44",1434392702,384950001,1,0,-1,-3,-5,9,-2,-2
"45",1434392702,384940001,-1,-2,1,4,7,-14,-12,0
"46",1434392702,384930001,-2,-3,-5,6,-7,1,-2,1
"47",1434392702,384920001,2,2,4,2,0,15,5,7
"48",1434392702,384910001,0,1,0,5,1,6,-5,0
"49",1434392702,384900001,0,0,1,-5,-15,-31,-23,-5
"50",1434392702,384890001,-2,0,-5,-5,5,0,-4,4
