"emg.time","emg.sequence_number","emg.sig3","emg.sig4","emg.sig5","emg.sig6","emg.sig7","emg.sig8","emg.sig1","emg.sig2"
"1",1434392880,401780001,-2,8,-36,-5,-3,-1,0,-1
"2",1434392880,401770001,-7,8,19,-2,-2,-3,-3,-3
"3",1434392880,401760001,4,22,-8,2,1,1,3,1
"4",1434392880,401750001,-2,4,8,0,-1,-1,0,-3
"5",1434392880,401740001,1,6,-14,1,1,-2,1,-1
"6",1434392880,401730001,15,-1,-30,-5,-1,0,1,2
"7",1434392880,401720001,-2,-1,14,4,1,1,2,-1
"8",1434392879,401710001,-3,0,4,-1,0,-2,0,-1
"9",1434392879,401700001,-2,19,12,0,0,0,0,1
"10",1434392879,401690001,-3,-14,-3,-4,-2,0,0,2
"11",1434392879,401680001,2,15,5,0,-1,1,0,-1
"12",1434392879,401670001,-10,-15,-6,2,-1,0,-3,-4
"13",1434392879,401660001,-4,7,4,1,0,-1,-2,-2
"14",1434392879,401650001,0,-4,-14,-3,-1,0,0,1
"15",1434392879,401640001,-4,-19,-5,1,0,2,-2,-2
"16",1434392879,401630001,0,4,10,2,-1,2,-1,-2
"17",1434392879,401620001,-3,-13,-5,-1,0,-2,3,1
"18",1434392878,401610001,-10,-6,1,1,-1,2,-1,-1
"19",1434392878,401600001,-14,-6,-2,-4,-2,-7,-10,-5
"20",1434392878,401590001,-32,1,9,-20,-2,-1,7,15
"21",1434392878,401580001,5,100,-6,-11,6,6,9,2
"22",1434392878,401570001,-49,-24,53,39,23,-1,-11,-9
"23",1434392878,401560001,9,39,90,107,57,31,24,12
"24",1434392878,401550001,9,13,59,70,127,110,20,15
"25",1434392878,401540001,4,4,32,21,69,14,-5,2
"26",1434392878,401530001,-10,1,-5,15,-86,120,-75,-21
"27",1434392878,401520001,6,20,12,41,41,-29,-73,0
"28",1434392877,401510001,5,3,-13,-31,5,64,40,4
"29",1434392877,401500001,-7,-38,-23,36,-2,18,-21,-5
"30",1434392877,401490001,19,3,-36,6,-1,0,5,20
"31",1434392877,401480001,72,16,0,18,10,12,17,41
"32",1434392877,401470001,7,-68,83,-64,5,-2,-4,-7
"33",1434392877,401460001,-1,1,60,51,19,17,59,-2
"34",1434392877,401450001,12,8,32,95,53,27,19,22
"35",1434392877,401440001,-8,-16,-106,75,56,-59,-74,-20
"36",1434392877,401430001,-1,0,-25,114,64,1,-46,-8
"37",1434392877,401420001,-6,-13,3,100,36,-5,-42,-8
"38",1434392876,401410001,-1,3,4,1,-10,-14,36,4
"39",1434392876,401400001,-4,22,5,7,-1,-2,-2,-5
"40",1434392876,401390001,12,-34,-16,-3,1,-1,-4,-3
"41",1434392876,401380001,5,0,9,1,1,0,-2,-3
"42",1434392876,401370001,0,5,5,5,-1,-2,-2,-5
"43",1434392876,401360001,-14,-17,-7,3,-1,-2,-2,-6
"44",1434392876,401350001,2,13,7,-1,1,-1,4,5
"45",1434392876,401340001,4,4,1,1,0,-2,-4,2
"46",1434392876,401330001,-6,22,2,1,-2,-4,-5,-7
"47",1434392875,401320001,19,-6,-16,-4,0,0,1,-2
"48",1434392875,401310001,-3,-6,-5,-3,0,0,0,-1
"49",1434392875,401300001,-4,9,-8,-1,-1,1,-2,0
"50",1434392875,401290001,-2,-24,-4,-4,-1,0,2,1
