"emg.time","emg.sequence_number","emg.sig4","emg.sig5","emg.sig6","emg.sig7","emg.sig8","emg.sig1","emg.sig2","emg.sig3"
"1",1434392865,400340001,5,2,1,0,-1,-3,-1,-3
"2",1434392865,400330001,34,28,-1,-1,0,-1,-1,1
"3",1434392865,400320001,-21,-8,-3,0,-4,-7,-2,-5
"4",1434392865,400310001,-6,-2,5,0,-1,-4,-7,-4
"5",1434392865,400300001,-1,-4,-2,-1,-3,-6,-3,-3
"6",1434392865,400290001,-24,-14,-2,0,-2,-1,0,5
"7",1434392865,400280001,-14,-22,-4,-2,0,2,-5,-10
"8",1434392865,400270001,5,-7,5,-2,-1,-4,-4,-3
"9",1434392865,400260001,-1,-3,-2,-1,0,-1,5,1
"10",1434392865,400250001,14,-1,-4,1,1,-2,-2,2
"11",1434392864,400240001,19,12,0,0,2,0,-1,2
"12",1434392864,400230001,13,16,6,2,0,2,1,-1
"13",1434392864,400220001,-9,14,-5,-1,-1,-3,-8,-4
"14",1434392864,400210001,9,19,5,-2,-2,-1,-1,-7
"15",1434392864,400200001,-6,-22,-5,-2,0,1,-3,-9
"16",1434392864,400190001,-6,-10,-13,-5,-3,-4,-5,-2
"17",1434392864,400180001,10,-8,-5,-4,-4,-5,-2,2
"18",1434392864,400170001,1,12,7,2,3,-1,-1,10
"19",1434392864,400160001,9,23,-4,-12,2,-13,-4,0
"20",1434392864,400150001,-1,20,7,-10,-6,4,2,-3
"21",1434392863,400140001,-5,-23,50,15,5,3,0,-1
"22",1434392863,400130001,-4,14,79,11,31,35,1,-2
"23",1434392863,400120001,10,9,44,-39,28,4,3,6
"24",1434392863,400110001,57,29,8,3,-1,0,8,7
"25",1434392863,400100001,53,-18,10,2,6,15,4,24
"26",1434392863,400090001,14,52,-66,-9,-4,1,0,-3
"27",1434392863,400080001,-74,-48,-89,-29,-3,5,-16,0
"28",1434392863,400070001,-2,30,102,10,13,38,19,11
"29",1434392863,400060001,5,-62,74,-80,14,24,-3,-1
"30",1434392863,400050001,0,15,-3,67,52,28,13,1
"31",1434392862,400040001,-16,-106,-128,-101,-31,-94,-28,-12
"32",1434392862,400030001,-2,-53,127,-65,32,-31,-4,1
"33",1434392862,400020001,1,-10,-18,6,-6,-25,-1,-1
"34",1434392862,400010001,0,-1,-15,21,10,46,-2,1
"35",1434392862,400000001,-4,-6,-18,-3,-32,-14,-7,-3
"36",1434392862,399990001,-1,-12,2,-1,-11,-5,-3,0
"37",1434392862,399980001,-47,-18,-6,-3,-1,-4,-12,-19
"38",1434392862,399970001,-30,-6,0,-1,-1,-3,-1,-12
"39",1434392862,399960001,-2,28,-3,-2,-1,0,2,6
"40",1434392861,399950001,-4,0,-2,-2,1,2,-2,-1
"41",1434392861,399940001,-10,-1,0,-1,-1,-1,1,6
"42",1434392861,399930001,-2,-2,1,-1,-2,0,0,2
"43",1434392861,399920001,1,-5,-5,-2,0,-3,-2,-3
"44",1434392861,399910001,-2,22,-1,-2,-1,-3,-2,-9
"45",1434392861,399900001,-5,-14,-3,-1,-3,-2,-2,-2
"46",1434392861,399890001,-9,-17,1,0,0,-2,0,-6
"47",1434392861,399880001,10,4,0,-1,-2,3,-1,-1
"48",1434392861,399870001,5,1,-1,0,0,-1,0,-3
"49",1434392861,399860001,-14,-4,1,0,0,-3,1,-11
"50",1434392860,399850001,-3,0,2,1,1,1,-2,-2
