"emg.time","emg.sequence_number","emg.sig1","emg.sig2","emg.sig3","emg.sig4","emg.sig5","emg.sig6","emg.sig7","emg.sig8"
"1",1434392670,381720001,-1,-2,-2,-21,0,-5,1,-1
"2",1434392669,381710001,2,-2,-1,37,7,6,-1,-1
"3",1434392669,381700001,18,3,0,5,-4,-2,0,7
"4",1434392669,381690001,-2,-1,1,-10,-3,12,-3,-2
"5",1434392669,381680001,-4,-2,2,-4,2,4,0,-1
"6",1434392669,381670001,0,-3,-1,7,3,-2,0,-2
"7",1434392669,381660001,-3,-3,-4,-7,6,-2,-1,-3
"8",1434392669,381650001,3,4,5,-4,-1,2,1,5
"9",1434392669,381640001,-1,-5,-3,-1,-4,-1,-2,-1
"10",1434392669,381630001,7,1,6,5,3,2,2,1
"11",1434392669,381620001,-4,-2,2,7,0,-6,0,-2
"12",1434392668,381610001,-2,1,-3,-16,0,6,-1,-1
"13",1434392668,381600001,2,0,0,7,-2,0,-2,1
"14",1434392668,381590001,1,3,14,-35,-2,-4,0,1
"15",1434392668,381580001,-7,0,0,27,2,-4,-1,3
"16",1434392668,381570001,19,21,21,-10,7,4,6,27
"17",1434392668,381560001,30,9,15,-52,5,4,3,9
"18",1434392668,381550001,-15,-19,-46,-21,60,23,-9,-7
"19",1434392668,381540001,-10,-9,-31,44,1,16,2,-6
"20",1434392668,381530001,-56,29,48,6,83,42,-22,-4
"21",1434392668,381520001,-82,-29,-1,-12,50,110,-4,-77
"22",1434392667,381510001,0,-17,2,-15,-1,-14,127,-8
"23",1434392667,381500001,60,15,1,3,11,-43,-14,-69
"24",1434392667,381490001,8,-6,1,10,27,92,127,-9
"25",1434392667,381480001,11,-3,0,8,10,73,20,76
"26",1434392667,381470001,-36,-14,-28,-38,-25,-16,-7,-63
"27",1434392667,381460001,-5,-31,-18,-58,-20,2,-5,-4
"28",1434392667,381450001,-6,-25,-53,-51,0,10,3,1
"29",1434392667,381440001,9,35,92,12,-38,20,7,7
"30",1434392667,381430001,-4,-9,-6,-12,-50,23,32,23
"31",1434392667,381420001,-46,-10,-1,-1,-37,-37,-31,-27
"32",1434392666,381410001,127,14,-1,14,68,-8,35,-28
"33",1434392666,381400001,75,22,7,9,-27,-100,13,16
"34",1434392666,381390001,2,4,-3,2,27,-4,-69,64
"35",1434392666,381380001,12,-2,-5,-14,-15,-43,-1,-9
"36",1434392666,381370001,1,3,6,19,11,1,3,-2
"37",1434392666,381360001,0,-6,-4,0,1,1,-2,-3
"38",1434392666,381350001,-4,-4,-8,-7,0,0,-1,-1
"39",1434392666,381340001,-1,-1,-2,8,0,2,-1,-1
"40",1434392666,381330001,-2,-1,-1,-3,0,-2,-1,0
"41",1434392666,381320001,0,-2,4,-2,-2,-4,-1,-2
"42",1434392665,381310001,2,6,-8,-5,1,3,0,1
"43",1434392665,381300001,1,-2,6,0,0,2,0,0
"44",1434392665,381290001,2,-4,-3,12,3,5,-5,-2
"45",1434392665,381280001,-1,2,-10,-10,-4,-2,0,0
"46",1434392665,381270001,-2,-2,-1,-2,2,1,-1,-1
"47",1434392665,381260001,-2,-5,-11,-3,-7,-2,-2,-2
"48",1434392665,381250001,-1,8,-2,19,6,-1,-1,-1
"49",1434392665,381240001,1,0,-1,1,1,-1,-1,-1
"50",1434392665,381230001,2,-8,-2,43,1,0,-1,0
