"emg.time","emg.sequence_number","emg.sig1","emg.sig2","emg.sig3","emg.sig4","emg.sig5","emg.sig6","emg.sig7","emg.sig8"
"1",1434392679,382660001,-2,4,1,37,1,-2,-1,-3
"2",1434392679,382650001,2,0,-6,-64,0,1,0,1
"3",1434392679,382640001,1,6,1,4,-4,-2,0,0
"4",1434392679,382630001,1,-2,-2,-10,7,-2,-2,-1
"5",1434392679,382620001,-1,-2,2,-14,1,0,-1,0
"6",1434392679,382610001,2,-1,2,17,4,-2,0,0
"7",1434392679,382600001,-2,-3,-5,1,-3,-1,-2,-4
"8",1434392678,382590001,5,0,7,2,4,4,2,4
"9",1434392678,382580001,-4,4,0,-21,5,2,-2,-2
"10",1434392678,382570001,5,2,3,-8,-6,-5,-2,1
"11",1434392678,382560001,0,2,8,-1,-1,1,1,-2
"12",1434392678,382550001,-1,-5,0,1,-6,-1,-2,0
"13",1434392678,382540001,3,4,-2,27,-10,1,0,0
"14",1434392678,382530001,-1,-2,-3,11,2,-2,-1,-1
"15",1434392678,382520001,2,6,22,-57,-3,-3,0,2
"16",1434392678,382510001,-1,-3,7,9,-27,-6,0,0
"17",1434392678,382500001,4,3,4,-19,24,-1,0,3
"18",1434392677,382490001,0,4,11,-10,17,-2,-1,-1
"19",1434392677,382480001,-3,-3,-15,14,-1,0,-2,3
"20",1434392677,382470001,-10,-5,4,-13,0,-6,-7,3
"21",1434392677,382460001,-24,-9,-2,-2,66,31,14,-21
"22",1434392677,382450001,-63,2,-4,-19,-33,-78,-7,-10
"23",1434392677,382440001,90,17,8,16,1,-57,20,67
"24",1434392677,382430001,46,2,-3,-3,9,127,21,-14
"25",1434392677,382420001,0,-2,-1,-4,10,-4,-3,-11
"26",1434392677,382410001,-3,2,3,11,-1,-9,7,-11
"27",1434392677,382400001,12,-3,6,-15,-5,-2,-9,-97
"28",1434392676,382390001,-10,-12,-57,45,-60,-11,-6,-9
"29",1434392676,382380001,14,-5,-53,51,-19,-2,6,8
"30",1434392676,382370001,6,-4,-16,32,83,-20,21,22
"31",1434392676,382360001,-10,27,25,36,-48,73,25,10
"32",1434392676,382350001,-61,-16,-6,-12,-43,10,-25,28
"33",1434392676,382340001,-51,3,-6,-13,-67,101,-52,-57
"34",1434392676,382330001,-29,-20,-7,-19,-99,13,-19,16
"35",1434392676,382320001,-44,-4,6,7,-5,70,18,-12
"36",1434392676,382310001,10,2,-6,-20,-21,4,3,-17
"37",1434392675,382300001,-3,-3,0,1,-3,-8,-2,-7
"38",1434392675,382290001,0,3,3,-1,0,-1,-1,2
"39",1434392675,382280001,-1,2,-7,-9,0,-3,-2,1
"40",1434392675,382270001,-1,1,-1,1,3,-1,-1,-1
"41",1434392675,382260001,-1,-1,0,10,5,2,0,-2
"42",1434392675,382250001,-4,-1,1,1,4,1,1,-3
"43",1434392675,382240001,11,3,5,-1,-3,0,0,3
"44",1434392675,382230001,4,2,0,2,2,0,-1,2
"45",1434392675,382220001,0,7,0,-3,-1,0,1,-1
"46",1434392675,382210001,-7,2,3,6,7,0,0,-3
"47",1434392674,382200001,-3,-2,-4,7,2,0,1,-1
"48",1434392674,382190001,-2,-4,0,14,2,0,1,0
"49",1434392674,382180001,-2,0,1,-6,-1,-2,-1,0
"50",1434392674,382170001,-2,-2,-6,-2,-2,3,4,0
