"emg.time","emg.sequence_number","emg.sig3","emg.sig4","emg.sig5","emg.sig6","emg.sig7","emg.sig8","emg.sig1","emg.sig2"
"1",1434394226,530870001,0,14,10,6,0,0,-2,0
"2",1434394226,530860001,1,10,-9,-4,-1,1,0,0
"3",1434394226,530850001,-1,-13,-40,-1,0,0,-4,-2
"4",1434394226,530840001,-2,-3,-7,0,-1,0,-2,-1
"5",1434394226,530830001,-5,-3,5,-6,0,1,1,-1
"6",1434394226,530820001,-7,-9,24,14,1,-1,2,-2
"7",1434394225,530810001,-2,0,-3,4,3,0,-1,1
"8",1434394225,530800001,-3,-5,-26,3,-2,-4,-7,-3
"9",1434394225,530790001,2,7,15,3,1,0,-1,-1
"10",1434394225,530780001,-10,-7,-23,15,-4,-2,4,1
"11",1434394225,530770001,-3,-2,-14,5,-2,1,12,8
"12",1434394225,530760001,-3,1,12,11,1,-1,-4,-6
"13",1434394225,530750001,1,-13,-11,2,0,-1,2,-1
"14",1434394225,530740001,16,20,-9,-10,-5,-3,-4,3
"15",1434394225,530730001,-12,41,38,-16,-15,2,-5,-5
"16",1434394224,530720001,-29,-84,-35,-30,0,21,34,14
"17",1434394224,530710001,5,1,52,-89,7,-53,-105,-17
"18",1434394224,530700001,18,36,19,-128,78,127,-3,-7
"19",1434394224,530690001,-28,-14,-8,81,23,-69,-36,-8
"20",1434394224,530680001,112,-2,-45,-11,5,6,9,34
"21",1434394224,530670001,-68,-46,-94,-121,-25,18,4,-26
"22",1434394224,530660001,-3,-37,-48,50,-46,-11,-18,-31
"23",1434394224,530650001,-2,-15,-125,60,34,-54,-71,-17
"24",1434394224,530640001,-36,-29,31,-11,-22,-12,31,-4
"25",1434394224,530630001,18,16,-25,113,127,82,28,9
"26",1434394223,530620001,0,33,35,54,-15,35,59,-11
"27",1434394223,530610001,-45,-72,-15,-65,-12,-21,-18,-31
"28",1434394223,530600001,81,48,74,127,57,-66,26,21
"29",1434394223,530590001,8,120,16,-41,-36,68,-9,-8
"30",1434394223,530580001,19,28,-25,85,127,110,84,16
"31",1434394223,530570001,1,-12,-128,73,-24,-52,-128,-26
"32",1434394223,530560001,-42,7,84,-118,17,68,-85,-34
"33",1434394223,530550001,97,-18,20,36,51,-5,41,44
"34",1434394223,530540001,-50,-86,-41,-37,-20,-48,-42,-40
"35",1434394223,530530001,102,-69,-76,-18,-27,-4,22,95
"36",1434394222,530520001,-60,32,-74,-38,3,0,-18,8
"37",1434394222,530510001,1,-53,-9,-43,-39,-7,6,15
"38",1434394222,530500001,3,0,51,-22,42,-23,53,-2
"39",1434394222,530490001,2,-1,1,116,-12,-113,-13,4
"40",1434394222,530480001,5,33,20,127,4,-15,-76,-10
"41",1434394222,530470001,-1,-7,-2,1,-2,-2,0,-3
"42",1434394222,530460001,-8,-9,-8,4,-1,-3,-3,-4
"43",1434394222,530450001,8,5,-9,2,-2,0,1,4
"44",1434394222,530440001,8,11,26,-8,0,0,0,0
"45",1434394222,530430001,24,10,-8,6,-1,1,1,11
"46",1434394221,530420001,0,-4,16,3,-2,0,2,10
"47",1434394221,530410001,8,-2,-23,-2,-1,0,0,-4
"48",1434394221,530400001,4,-3,3,2,2,1,2,1
"49",1434394221,530390001,8,13,-1,0,0,1,1,0
"50",1434394221,530380001,2,-7,-4,1,0,7,1,1
