"emg.time","emg.sequence_number","emg.sig8","emg.sig1","emg.sig2","emg.sig3","emg.sig4","emg.sig5","emg.sig6","emg.sig7"
"1",1434392698,384550001,0,-1,3,4,13,3,-1,0
"2",1434392698,384540001,-2,-4,1,-2,-12,1,1,-1
"3",1434392698,384530001,-5,-2,-3,-2,-7,-3,-7,-4
"4",1434392698,384520001,-1,-3,0,0,-7,-3,-1,-1
"5",1434392698,384510001,-1,-2,-1,-6,-2,-11,2,0
"6",1434392698,384500001,0,-1,-9,-5,-8,0,0,1
"7",1434392698,384490001,4,6,4,-3,-14,-10,-1,0
"8",1434392698,384480001,-2,-3,2,-1,0,3,-2,-1
"9",1434392698,384470001,0,-3,-3,3,-26,-5,-5,-2
"10",1434392697,384460001,0,1,-2,-2,-2,5,-1,-1
"11",1434392697,384450001,-3,-2,2,-15,21,19,0,1
"12",1434392697,384440001,-3,2,-7,1,-19,-10,2,0
"13",1434392697,384430001,-3,-1,-6,8,-49,-10,-5,-4
"14",1434392697,384420001,-1,2,0,-13,-13,11,9,-1
"15",1434392697,384410001,1,14,22,-2,24,6,2,8
"16",1434392697,384400001,-23,-41,-3,4,4,46,-62,-13
"17",1434392697,384390001,-14,9,-9,-1,-4,-41,-116,3
"18",1434392697,384380001,-9,0,3,-6,-10,0,7,5
"19",1434392697,384370001,8,5,-8,-7,-12,-15,-3,-8
"20",1434392696,384360001,6,1,-9,-20,2,16,20,12
"21",1434392696,384350001,20,8,19,74,-58,66,3,6
"22",1434392696,384340001,42,-7,7,-4,-21,-115,103,2
"23",1434392696,384330001,21,-11,11,11,-33,-111,-43,49
"24",1434392696,384320001,63,16,-7,-10,1,28,-72,-19
"25",1434392696,384310001,-49,-128,-21,-11,-19,-18,20,-52
"26",1434392696,384300001,11,10,-7,1,-7,-14,-57,48
"27",1434392696,384290001,24,-12,-3,-15,18,11,21,-6
"28",1434392696,384280001,-9,23,-3,0,29,-33,-58,-5
"29",1434392696,384270001,0,1,0,-38,-67,3,-7,-2
"30",1434392695,384260001,-3,-9,-9,-9,15,36,-2,-3
"31",1434392695,384250001,14,-9,-7,-27,-11,-7,28,11
"32",1434392695,384240001,-22,-4,9,-1,-1,21,-53,-7
"33",1434392695,384230001,14,38,-4,1,5,82,-39,-91
"34",1434392695,384220001,-24,-73,-10,-1,-5,6,10,2
"35",1434392695,384210001,16,-11,-5,-4,-6,6,12,5
"36",1434392695,384200001,13,27,15,1,-2,-11,-3,4
"37",1434392695,384190001,0,-3,-4,-11,-7,-3,-1,0
"38",1434392695,384180001,-1,-2,-5,-3,-4,-4,0,0
"39",1434392695,384170001,-2,0,0,18,2,0,-4,-1
"40",1434392694,384160001,2,2,5,4,4,3,0,1
"41",1434392694,384150001,-2,0,1,0,-5,4,-1,-1
"42",1434392694,384140001,2,-1,-6,-3,-1,-2,-1,0
"43",1434392694,384130001,-1,1,-5,1,-6,5,0,1
"44",1434392694,384120001,-2,-1,0,11,2,1,1,1
"45",1434392694,384110001,-1,-1,-5,-1,24,4,2,-1
"46",1434392694,384100001,-1,1,-1,-6,-24,-2,0,0
"47",1434392694,384090001,0,3,-2,-4,-6,3,-1,-1
"48",1434392694,384080001,-1,-1,0,-8,-14,-4,-1,-2
"49",1434392694,384070001,1,0,5,-2,11,2,2,-1
"50",1434392693,384060001,0,0,-3,-3,-10,-6,-3,-2
