"emg.time","emg.sequence_number","emg.sig1","emg.sig2","emg.sig3","emg.sig4","emg.sig5","emg.sig6","emg.sig7","emg.sig8"
"1",1434392661,380900001,-5,-3,-5,-4,7,0,-2,-1
"2",1434392661,380890001,-2,-4,-8,-7,6,0,-2,-1
"3",1434392661,380880001,-1,-3,-6,-24,1,1,1,1
"4",1434392661,380870001,-1,-1,-1,40,-7,-2,-3,-2
"5",1434392661,380860001,0,2,-2,19,10,0,1,1
"6",1434392661,380850001,-2,-2,-7,-37,-15,-5,-2,-3
"7",1434392661,380840001,2,-1,-3,-1,-5,0,-2,1
"8",1434392661,380830001,-2,0,0,19,1,2,0,0
"9",1434392660,380820001,-4,-1,-7,-37,-10,-1,-3,-1
"10",1434392660,380810001,2,-1,-5,23,1,-2,-2,1
"11",1434392660,380800001,7,6,5,-3,4,0,-3,1
"12",1434392660,380790001,-3,-2,-5,-19,-11,-3,0,0
"13",1434392660,380780001,-4,-5,-11,-13,3,0,-2,-3
"14",1434392660,380770001,-3,-7,-17,4,-7,-3,-1,-2
"15",1434392660,380760001,5,-2,-18,53,9,-2,2,2
"16",1434392660,380750001,-14,-27,-56,29,-14,-28,-12,-11
"17",1434392660,380740001,-10,-3,26,72,-67,-25,-7,1
"18",1434392660,380730001,-4,2,-25,-2,35,-63,-1,-11
"19",1434392659,380720001,16,4,3,9,7,127,-42,-35
"20",1434392659,380710001,-103,-8,9,-12,-65,127,74,-27
"21",1434392659,380700001,-11,6,-1,13,60,-13,-41,59
"22",1434392659,380690001,-31,-9,-6,4,7,-93,69,20
"23",1434392659,380680001,-25,-4,-1,4,7,-67,54,25
"24",1434392659,380670001,16,0,-11,12,2,0,28,13
"25",1434392659,380660001,27,2,-4,21,3,3,2,32
"26",1434392659,380650001,9,11,-19,127,26,37,11,18
"27",1434392659,380640001,0,-7,108,-13,-14,6,2,4
"28",1434392658,380630001,5,-6,114,-45,-112,-97,-10,2
"29",1434392658,380620001,-3,9,2,-1,-119,-39,-4,-2
"30",1434392658,380610001,-7,-16,-23,-1,-32,52,-24,-5
"31",1434392658,380600001,43,-1,-1,-7,-77,51,-28,-16
"32",1434392658,380590001,24,8,2,-10,-61,-73,-108,-19
"33",1434392658,380580001,10,9,-3,4,-16,-31,-3,26
"34",1434392658,380570001,-20,-5,-2,-6,-7,62,-7,2
"35",1434392658,380560001,-55,1,3,8,11,24,-58,12
"36",1434392658,380550001,-7,-8,-6,-8,-12,-4,1,-25
"37",1434392658,380540001,-1,-3,8,-21,-4,-2,0,-2
"38",1434392657,380530001,1,-3,0,3,2,-1,0,0
"39",1434392657,380520001,-1,1,-3,3,-1,0,-2,-1
"40",1434392657,380510001,-2,0,5,2,1,0,1,-2
"41",1434392657,380500001,-1,-2,-7,-1,-1,0,1,-2
"42",1434392657,380490001,-4,-2,-10,-7,-2,-2,1,0
"43",1434392657,380480001,2,1,33,9,2,-1,-2,-1
"44",1434392657,380470001,0,-4,-10,-3,1,2,2,0
"45",1434392657,380460001,0,-3,-10,-16,-2,-1,-2,-1
"46",1434392657,380450001,-1,-1,2,6,-2,-1,-1,-2
"47",1434392657,380440001,0,-1,5,4,-1,2,-2,-1
"48",1434392656,380430001,-2,4,10,11,3,-1,0,0
"49",1434392656,380420001,0,1,-20,-9,0,-1,-1,-1
"50",1434392656,380410001,2,-2,8,-2,0,2,1,1
