"emg.time","emg.sequence_number","emg.sig8","emg.sig1","emg.sig2","emg.sig3","emg.sig4","emg.sig5","emg.sig6","emg.sig7"
"1",1434392688,383530001,-1,-5,-6,-10,0,-2,0,-1
"2",1434392688,383520001,1,4,0,-5,13,1,-1,0
"3",1434392688,383510001,-2,-4,-3,-2,-1,-18,-5,-3
"4",1434392688,383500001,2,-2,-5,-4,3,61,22,1
"5",1434392688,383490001,2,3,-1,1,-10,1,1,1
"6",1434392688,383480001,0,-1,10,-4,-8,-4,-1,-1
"7",1434392687,383470001,0,0,12,1,4,1,-3,-2
"8",1434392687,383460001,-1,-2,0,14,-5,-1,-4,0
"9",1434392687,383450001,2,2,1,-3,-26,-4,-2,0
"10",1434392687,383440001,3,6,4,-1,28,4,0,-1
"11",1434392687,383430001,0,1,4,0,-29,-1,-4,-1
"12",1434392687,383420001,-1,-6,-3,-9,5,2,0,1
"13",1434392687,383410001,3,-2,1,-2,13,-1,-1,0
"14",1434392687,383400001,-3,-4,-2,0,-21,-7,0,0
"15",1434392687,383390001,-1,0,-1,-5,39,2,0,-1
"16",1434392686,383380001,0,0,-4,-3,17,-2,-2,-3
"17",1434392686,383370001,8,9,23,57,-10,6,-3,1
"18",1434392686,383360001,1,13,37,83,119,28,2,0
"19",1434392686,383350001,-5,1,-9,30,89,54,12,0
"20",1434392686,383340001,5,14,11,-1,40,19,5,17
"21",1434392686,383330001,101,14,25,10,31,38,34,68
"22",1434392686,383320001,-114,42,9,4,0,-30,-63,44
"23",1434392686,383310001,-20,33,-12,-4,-2,1,67,43
"24",1434392686,383300001,-39,-31,-12,-5,-1,-51,53,-104
"25",1434392686,383290001,-36,27,7,4,1,3,0,-41
"26",1434392685,383280001,-2,14,6,5,-56,5,1,10
"27",1434392685,383270001,-9,-11,1,19,66,-17,-12,-7
"28",1434392685,383260001,-7,-10,-17,-29,-30,-4,11,-3
"29",1434392685,383250001,12,15,2,35,-10,-29,-67,1
"30",1434392685,383240001,19,-6,-3,-11,18,40,39,18
"31",1434392685,383230001,-71,5,-31,-10,-10,6,61,21
"32",1434392685,383220001,-36,-72,11,11,-1,-57,44,-94
"33",1434392685,383210001,34,86,14,2,7,-11,54,91
"34",1434392685,383200001,36,77,27,4,-10,-17,23,-14
"35",1434392685,383190001,-8,-1,-4,-4,-3,3,4,2
"36",1434392684,383180001,1,-1,-1,-7,25,3,-4,-1
"37",1434392684,383170001,3,3,1,-2,-17,-1,1,1
"38",1434392684,383160001,-3,0,1,0,-9,-3,-2,-1
"39",1434392684,383150001,0,-2,-3,3,9,4,-1,0
"40",1434392684,383140001,1,-3,0,2,7,0,0,0
"41",1434392684,383130001,0,-2,5,3,9,4,0,1
"42",1434392684,383120001,-1,1,2,0,-24,0,1,0
"43",1434392684,383110001,0,-3,-5,2,-8,-2,0,-1
"44",1434392684,383100001,-1,-2,-5,-2,-4,-1,1,-1
"45",1434392684,383090001,-2,-1,-1,0,18,5,10,0
"46",1434392683,383080001,-1,1,-2,-3,-3,-9,-7,-1
"47",1434392683,383070001,-1,-2,-3,-2,6,-1,0,1
"48",1434392683,383060001,0,2,4,3,-7,-4,0,0
"49",1434392683,383050001,-2,1,0,3,6,0,1,-1
"50",1434392683,383040001,-1,-1,-1,-2,-3,-1,-1,1
