"emg.time","emg.sequence_number","emg.sig1","emg.sig2","emg.sig3","emg.sig4","emg.sig5","emg.sig6","emg.sig7","emg.sig8"
"1",1434396006,18400001,-1,1,-2,0,3,11,4,-2
"2",1434396006,18390001,0,2,-1,-1,-11,-6,0,0
"3",1434396006,18380001,-2,-1,0,-2,-31,-8,-1,3
"4",1434396006,18370001,0,1,0,2,17,-16,5,0
"5",1434396006,18360001,-2,-1,-3,1,-22,2,-7,-1
"6",1434396006,18350001,0,-1,-3,6,-19,-1,-1,-4
"7",1434396006,18340001,1,-1,0,-1,7,0,-2,-1
"8",1434396006,18330001,0,-1,-1,0,17,11,-2,0
"9",1434396006,18320001,0,-1,-2,-3,3,-3,-1,2
"10",1434396005,18310001,-1,-1,1,3,4,-3,-6,-1
"11",1434396005,18300001,-1,-2,0,0,2,-9,0,-1
"12",1434396005,18290001,-3,-2,1,-1,1,0,0,-1
"13",1434396005,18280001,-1,-1,-3,-2,12,2,-1,-4
"14",1434396005,18270001,0,0,-2,-7,-5,-4,-1,1
"15",1434396005,18260001,0,0,0,3,15,-1,-5,-2
"16",1434396005,18250001,0,0,-1,2,0,3,-3,-2
"17",1434396005,18240001,1,1,-1,-2,-3,0,4,2
"18",1434396005,18230001,-1,-3,-3,0,-15,1,2,-1
"19",1434396005,18220001,0,2,0,2,-16,-4,1,-1
"20",1434396004,18210001,0,-1,0,-3,-20,-1,-1,-1
"21",1434396004,18200001,-1,3,-4,-2,-4,-3,11,0
"22",1434396004,18190001,1,0,0,-2,2,-5,5,2
"23",1434396004,18180001,0,-1,-1,-1,20,-1,-4,-1
"24",1434396004,18170001,-1,-3,-4,-1,10,8,2,-2
"25",1434396004,18160001,0,-1,1,-1,-2,-3,-2,-2
"26",1434396004,18150001,-2,-1,-2,0,1,-2,1,1
"27",1434396004,18140001,-1,0,1,-1,2,-8,-1,0
"28",1434396004,18130001,-1,0,-2,1,18,9,1,-1
"29",1434396004,18120001,-2,-2,-1,-3,5,11,-1,-1
"30",1434396003,18110001,1,-1,-1,-7,-35,-2,0,-1
"31",1434396003,18100001,-2,1,0,-1,-3,-4,-2,-3
"32",1434396003,18090001,1,0,0,-2,8,-4,-1,6
"33",1434396003,18080001,0,-1,1,1,5,-6,0,2
"34",1434396003,18070001,0,-1,-1,-7,-19,7,4,0
"35",1434396003,18060001,-2,-1,-1,-1,36,22,0,-2
"36",1434396003,18050001,1,-2,-1,-2,5,8,1,-2
"37",1434396003,18040001,-1,-1,-2,2,10,2,-4,-1
"38",1434396003,18030001,1,0,-1,0,6,-1,6,-2
"39",1434396003,18020001,-1,-1,1,-3,-6,-6,-2,-1
"40",1434396002,18010001,0,1,-1,1,4,2,-4,-1
"41",1434396002,18000001,-1,-2,-2,-1,3,2,1,-1
"42",1434396002,17990001,0,1,0,-3,-11,4,0,2
"43",1434396002,17980001,1,-1,0,-4,-17,7,3,1
"44",1434396002,17970001,0,1,0,6,8,-12,-5,-1
"45",1434396002,17960001,-1,-2,0,-1,6,15,4,1
"46",1434396002,17950001,-1,0,2,-2,-23,-36,3,1
"47",1434396002,17940001,-1,0,0,-2,4,1,-1,1
"48",1434396002,17930001,-1,1,-1,-2,3,9,-4,0
"49",1434396002,17920001,1,-1,-1,1,1,-28,6,3
"50",1434396001,17910001,-1,1,4,0,-7,-10,-2,-1
