"emg.time","emg.sequence_number","emg.sig7","emg.sig8","emg.sig1","emg.sig2","emg.sig3","emg.sig4","emg.sig5","emg.sig6"
"1",1434392792,393550001,-3,-3,2,0,20,12,-2,-1
"2",1434392792,393540001,0,3,2,1,5,-2,-1,0
"3",1434392792,393530001,0,-1,3,-2,-10,-2,-1,2
"4",1434392792,393520001,0,1,3,2,13,-5,2,0
"5",1434392792,393510001,0,-2,2,0,5,5,3,-2
"6",1434392791,393500001,1,0,-1,-4,-4,-3,-8,-1
"7",1434392791,393490001,-2,0,-2,-1,-4,-8,-4,-1
"8",1434392791,393480001,0,2,1,4,6,11,-3,-1
"9",1434392791,393470001,0,2,0,1,5,-18,-3,0
"10",1434392791,393460001,-1,0,-4,-4,1,2,-2,0
"11",1434392791,393450001,-3,-1,-1,-3,-11,0,-3,-1
"12",1434392791,393440001,-1,-2,-5,-2,-1,17,-3,-1
"13",1434392791,393430001,-2,0,-4,-2,-1,21,-7,-3
"14",1434392791,393420001,-1,-1,-1,-1,3,6,11,0
"15",1434392790,393410001,0,1,1,4,-1,7,-5,2
"16",1434392790,393400001,-1,1,0,-2,6,-4,5,0
"17",1434392790,393390001,-1,0,2,0,9,-3,-11,-3
"18",1434392790,393380001,1,2,2,4,10,-16,-5,2
"19",1434392790,393370001,-3,-1,0,-2,0,0,15,-2
"20",1434392790,393360001,1,1,2,0,5,8,-1,-1
"21",1434392790,393350001,-1,0,-2,0,1,-2,5,0
"22",1434392790,393340001,-3,-1,-1,1,11,11,6,1
"23",1434392790,393330001,-1,1,0,-1,-14,-9,2,-4
"24",1434392790,393320001,0,1,-3,-2,9,30,6,1
"25",1434392789,393310001,1,0,2,2,8,18,2,0
"26",1434392789,393300001,0,-2,-3,3,8,-6,1,-1
"27",1434392789,393290001,-1,0,1,-5,-3,14,8,0
"28",1434392789,393280001,0,0,0,12,11,0,6,1
"29",1434392789,393270001,-2,0,-1,-4,-9,-17,-11,-1
"30",1434392789,393260001,0,-1,0,-1,1,-2,0,0
"31",1434392789,393250001,-1,-1,-1,-2,6,-12,-5,-2
"32",1434392789,393240001,-1,-2,-7,0,-2,7,7,2
"33",1434392789,393230001,1,0,3,2,-4,-2,1,1
"34",1434392789,393220001,0,0,4,1,-2,1,-2,-1
"35",1434392788,393210001,-1,1,1,0,2,10,4,1
"36",1434392788,393200001,0,0,3,1,8,6,5,4
"37",1434392788,393190001,0,-1,-4,-3,2,-2,-4,-1
"38",1434392788,393180001,-3,0,3,-6,-10,-22,-24,-3
"39",1434392788,393170001,0,-1,-7,-1,-5,-9,-2,-1
"40",1434392788,393160001,0,-2,0,-1,1,-6,-12,-3
"41",1434392788,393150001,-1,-1,1,-5,-9,-13,-17,-2
"42",1434392788,393140001,1,-1,-1,-1,-2,13,6,2
"43",1434392788,393130001,-1,-1,-1,-1,-6,2,-8,-2
"44",1434392788,393120001,0,0,-2,1,-2,-20,-2,-3
"45",1434392787,393110001,-1,-2,-3,-3,-13,18,8,-2
"46",1434392787,393100001,-1,0,-3,-1,-1,-38,-8,2
"47",1434392787,393090001,0,3,0,-2,-5,-5,-5,-3
"48",1434392787,393080001,1,0,0,2,15,4,0,-1
"49",1434392787,393070001,0,-1,3,0,-2,-2,4,0
"50",1434392787,393060001,-1,0,-2,-2,-3,-7,-8,-2
