"emg.time","emg.sequence_number","emg.sig1","emg.sig2","emg.sig3","emg.sig4","emg.sig5","emg.sig6","emg.sig7","emg.sig8"
"1",1434392744,389000001,0,1,3,1,4,1,0,0
"2",1434392744,388990001,0,1,3,1,4,1,0,0
"3",1434392744,388980001,0,1,3,1,4,1,0,0
"4",1434392743,388970001,0,1,3,1,4,1,0,0
"5",1434392743,388960001,0,1,3,1,4,1,0,0
"6",1434392743,388950001,0,1,3,1,4,1,0,0
"7",1434392743,388940001,0,1,3,1,4,1,0,0
"8",1434392743,388930001,0,1,3,1,4,1,0,0
"9",1434392743,388920001,0,1,3,1,4,1,0,0
"10",1434392743,388910001,0,1,3,1,4,1,0,0
"11",1434392743,388900001,0,1,3,1,4,1,0,0
"12",1434392743,388890001,0,1,3,1,4,1,0,0
"13",1434392743,388880001,0,1,3,1,4,1,0,0
"14",1434392742,388870001,0,1,3,1,4,1,0,0
"15",1434392742,388860001,0,1,3,1,4,1,0,0
"16",1434392742,388850001,0,1,3,1,4,1,0,0
"17",1434392742,388840001,0,1,3,1,4,1,0,0
"18",1434392742,388830001,0,1,3,1,4,1,0,0
"19",1434392742,388820001,0,1,3,1,4,1,0,0
"20",1434392742,388810001,0,1,3,1,4,1,0,0
"21",1434392742,388800001,0,1,3,1,4,1,0,0
"22",1434392742,388790001,-2,-3,-8,9,-5,-2,-1,-2
"23",1434392742,388780001,-1,-3,-7,6,1,0,-1,-2
"24",1434392741,388770001,2,0,4,-3,-4,-2,-1,-1
"25",1434392741,388760001,4,-1,-2,-5,-2,-1,0,0
"26",1434392741,388750001,-4,0,-2,1,-10,-2,-2,-2
"27",1434392741,388740001,-5,-2,-5,-13,-4,-3,-2,0
"28",1434392741,388730001,2,-2,4,8,3,1,-3,-2
"29",1434392741,388720001,1,7,-4,10,4,-3,-2,0
"30",1434392741,388710001,0,-2,-11,-5,3,-1,-1,0
"31",1434392741,388700001,-3,-1,-5,-4,-5,-1,0,0
"32",1434392741,388690001,0,-2,-8,5,-3,-1,0,0
"33",1434392740,388680001,-1,2,1,9,-2,0,-1,0
"34",1434392740,388670001,0,-3,-2,6,3,1,0,0
"35",1434392740,388660001,0,-2,-8,-34,2,1,0,0
"36",1434392740,388650001,-1,0,0,9,3,2,-1,-3
"37",1434392740,388640001,2,-1,-1,2,0,1,1,0
"38",1434392740,388630001,3,-1,6,5,-6,-1,0,0
"39",1434392740,388620001,-1,-2,-4,-25,-7,-2,0,-2
"40",1434392740,388610001,-4,-7,-6,-27,-1,-4,-1,-1
"41",1434392740,388600001,-1,-3,-12,-17,-2,-3,-2,-2
"42",1434392740,388590001,2,0,1,9,1,-1,-2,-2
"43",1434392739,388580001,5,-3,1,8,5,0,0,2
"44",1434392739,388570001,0,-1,3,-5,3,1,-1,0
"45",1434392739,388560001,-4,1,10,-14,2,-1,0,-1
"46",1434392739,388550001,1,-4,-5,-6,-3,-2,0,1
"47",1434392739,388540001,-3,-1,-4,0,3,-3,0,-3
"48",1434392739,388530001,-2,2,0,19,4,1,-1,-2
"49",1434392739,388520001,-2,-2,6,-3,9,-3,-2,-2
"50",1434392739,388510001,-4,2,-2,-3,0,0,-2,-2
