"emg.time","emg.sequence_number","emg.sig4","emg.sig5","emg.sig6","emg.sig7","emg.sig8","emg.sig1","emg.sig2","emg.sig3"
"1",1434392725,387140001,-12,-11,-3,-1,0,-1,-2,-3
"2",1434392725,387130001,-9,0,-2,-1,-1,-2,-4,-1
"3",1434392725,387120001,16,8,3,0,-3,-6,-2,-1
"4",1434392725,387110001,0,0,0,-1,0,3,-1,1
"5",1434392724,387100001,-1,-5,-1,0,1,0,-5,-3
"6",1434392724,387090001,-14,-2,1,-1,0,1,0,-1
"7",1434392724,387080001,3,4,0,1,1,-1,-6,-6
"8",1434392724,387070001,10,-9,-1,1,2,0,-3,-3
"9",1434392724,387060001,16,5,1,-2,-3,-3,-4,11
"10",1434392724,387050001,-2,-7,-1,-3,0,-4,1,-3
"11",1434392724,387040001,3,2,0,-1,-1,0,-3,-8
"12",1434392724,387030001,11,5,0,-1,-5,-1,-2,-1
"13",1434392724,387020001,-6,3,0,2,1,3,0,-2
"14",1434392723,387010001,-13,1,0,0,0,5,4,13
"15",1434392723,387000001,-2,-1,-1,-1,-1,-1,4,8
"16",1434392723,386990001,-14,8,2,1,2,10,6,10
"17",1434392723,386980001,17,11,0,0,0,-2,-3,-2
"18",1434392723,386970001,6,3,0,-3,-2,-6,0,-3
"19",1434392723,386960001,38,3,-1,-1,-2,1,1,2
"20",1434392723,386950001,-7,-7,-1,-1,0,-2,-1,-3
"21",1434392723,386940001,-2,-4,0,1,1,0,-3,-8
"22",1434392723,386930001,12,1,-2,-2,-2,-10,0,2
"23",1434392723,386920001,-8,-4,-1,0,1,3,-2,-3
"24",1434392722,386910001,-17,-4,-3,-3,-2,-2,-1,2
"25",1434392722,386900001,-7,2,-1,1,-3,-1,-5,-4
"26",1434392722,386890001,3,-13,0,1,2,2,0,1
"27",1434392722,386880001,-3,-1,0,0,0,-1,3,2
"28",1434392722,386870001,9,2,1,-1,0,-3,2,-1
"29",1434392722,386860001,6,-2,0,-3,-2,-3,-4,-10
"30",1434392722,386850001,-21,1,-2,-2,-1,0,-2,-4
"31",1434392722,386840001,2,-3,1,-1,1,3,1,9
"32",1434392722,386830001,-17,-7,-1,-3,-2,-1,1,-6
"33",1434392722,386820001,4,-2,-1,0,0,4,2,0
"34",1434392721,386810001,-22,1,-1,-1,1,1,-3,-12
"35",1434392721,386800001,-6,-7,1,0,0,1,-1,-2
"36",1434392721,386790001,-8,-12,0,0,-1,-1,-2,-1
"37",1434392721,386780001,5,-4,0,0,-2,1,-1,1
"38",1434392721,386770001,9,3,-1,0,0,-3,-1,1
"39",1434392721,386760001,-27,-1,0,1,1,3,0,-3
"40",1434392721,386750001,-1,-2,-2,0,0,2,0,-5
"41",1434392721,386740001,7,5,0,-2,-2,-4,-5,-1
"42",1434392721,386730001,23,4,-1,-1,0,-1,10,7
"43",1434392721,386720001,7,-6,0,-2,-2,-3,-6,-4
"44",1434392720,386710001,-7,7,-2,-2,-1,2,3,1
"45",1434392720,386700001,-27,-14,-2,-1,1,2,1,-1
"46",1434392720,386690001,-5,0,-2,0,0,0,-2,-3
"47",1434392720,386680001,14,2,-1,-3,-1,-2,0,-1
"48",1434392720,386670001,-11,0,0,0,-3,-3,-1,-3
"49",1434392720,386660001,11,5,-2,-2,-3,-4,-5,-5
"50",1434392720,386650001,2,-3,1,1,0,-1,-2,-2
