"emg.time","emg.sequence_number","emg.sig2","emg.sig3","emg.sig4","emg.sig5","emg.sig6","emg.sig7","emg.sig8","emg.sig1"
"1",1434392728,387500001,-1,0,3,2,0,0,-1,1
"2",1434392728,387490001,2,-1,-21,-6,-1,1,2,4
"3",1434392728,387480001,-2,-7,-12,9,-2,2,-1,2
"4",1434392728,387470001,-1,3,-3,-1,-1,-2,0,0
"5",1434392728,387460001,-2,-7,-1,-1,-2,-1,-2,-2
"6",1434392728,387450001,0,4,17,10,0,1,-1,-2
"7",1434392728,387440001,-4,3,11,-7,-1,-1,-1,1
"8",1434392728,387430001,10,7,1,-5,0,1,1,4
"9",1434392728,387420001,-5,7,24,2,1,0,-2,2
"10",1434392728,387410001,-4,2,3,0,0,-2,-1,2
"11",1434392727,387400001,-2,0,8,-9,-1,1,-1,2
"12",1434392727,387390001,-1,-1,-9,2,-2,2,0,1
"13",1434392727,387380001,-4,-3,-4,1,3,2,2,1
"14",1434392727,387370001,0,-3,18,5,0,1,-2,3
"15",1434392727,387360001,-2,1,-6,-1,-1,0,1,-3
"16",1434392727,387350001,1,1,27,3,0,1,2,2
"17",1434392727,387340001,-2,1,65,7,-4,-2,-4,-1
"18",1434392727,387330001,0,-2,24,-4,2,1,-1,-2
"19",1434392727,387320001,2,1,-1,-5,2,1,2,2
"20",1434392727,387310001,-7,0,-17,-12,0,0,0,-2
"21",1434392726,387300001,14,3,1,2,-1,1,1,2
"22",1434392726,387290001,-6,-3,-15,-5,-2,-2,-1,-2
"23",1434392726,387280001,-1,2,20,-4,-1,1,2,-2
"24",1434392726,387270001,-2,-6,18,3,0,0,-2,-1
"25",1434392726,387260001,-2,7,-12,1,2,0,0,2
"26",1434392726,387250001,2,-5,16,8,-1,-1,-1,-2
"27",1434392726,387240001,-3,-7,-10,1,-2,-1,-3,-3
"28",1434392726,387230001,1,11,9,4,0,0,2,3
"29",1434392726,387220001,-2,-6,-2,-3,-1,-1,1,1
"30",1434392726,387210001,0,3,14,2,0,-1,2,3
"31",1434392725,387200001,0,0,2,-2,0,1,1,4
"32",1434392725,387190001,7,12,-31,-6,0,0,3,0
"33",1434392725,387180001,1,4,-15,-3,1,-1,-1,1
"34",1434392725,387170001,-3,-1,12,2,-1,1,-3,0
"35",1434392725,387160001,-3,-5,4,-8,-1,0,-1,-3
"36",1434392725,387150001,-1,-6,16,1,0,-2,-1,-3
"37",1434392725,387140001,-2,-3,-12,-11,-3,-1,0,-1
"38",1434392725,387130001,-4,-1,-9,0,-2,-1,-1,-2
"39",1434392725,387120001,-2,-1,16,8,3,0,-3,-6
"40",1434392725,387110001,-1,1,0,0,0,-1,0,3
"41",1434392724,387100001,-5,-3,-1,-5,-1,0,1,0
"42",1434392724,387090001,0,-1,-14,-2,1,-1,0,1
"43",1434392724,387080001,-6,-6,3,4,0,1,1,-1
"44",1434392724,387070001,-3,-3,10,-9,-1,1,2,0
"45",1434392724,387060001,-4,11,16,5,1,-2,-3,-3
"46",1434392724,387050001,1,-3,-2,-7,-1,-3,0,-4
"47",1434392724,387040001,-3,-8,3,2,0,-1,-1,0
"48",1434392724,387030001,-2,-1,11,5,0,-1,-5,-1
"49",1434392724,387020001,0,-2,-6,3,0,2,1,3
"50",1434392723,387010001,4,13,-13,1,0,0,0,5
