"emg.time","emg.sequence_number","emg.sig3","emg.sig4","emg.sig5","emg.sig6","emg.sig7","emg.sig8","emg.sig1","emg.sig2"
"1",1434392788,393140001,-2,13,6,2,1,-1,-1,-1
"2",1434392788,393130001,-6,2,-8,-2,-1,-1,-1,-1
"3",1434392788,393120001,-2,-20,-2,-3,0,0,-2,1
"4",1434392787,393110001,-13,18,8,-2,-1,-2,-3,-3
"5",1434392787,393100001,-1,-38,-8,2,-1,0,-3,-1
"6",1434392787,393090001,-5,-5,-5,-3,0,3,0,-2
"7",1434392787,393080001,15,4,0,-1,1,0,0,2
"8",1434392787,393070001,-2,-2,4,0,0,-1,3,0
"9",1434392787,393060001,-3,-7,-8,-2,-1,0,-2,-2
"10",1434392787,393050001,-5,4,6,2,1,1,-3,-3
"11",1434392787,393040001,-3,-9,-11,1,-2,0,2,1
"12",1434392787,393030001,0,-6,-6,0,-1,0,1,0
"13",1434392787,393020001,-6,-14,-3,-1,-1,-2,1,-3
"14",1434392786,393010001,-9,2,1,-5,1,0,1,0
"15",1434392786,393000001,-4,22,16,-1,-2,-2,-3,-3
"16",1434392786,392990001,7,3,3,-4,-3,0,0,-3
"17",1434392786,392980001,-5,-6,-1,1,0,0,4,-2
"18",1434392786,392970001,6,10,-8,-1,0,-1,0,1
"19",1434392786,392960001,-8,-6,3,3,0,0,1,0
"20",1434392786,392950001,-8,6,3,-2,-2,-3,-1,-3
"21",1434392786,392940001,-8,1,3,-1,-2,1,2,0
"22",1434392786,392930001,1,11,-3,-1,0,0,-1,0
"23",1434392785,392920001,-6,-20,-10,-1,0,-1,0,-2
"24",1434392785,392910001,-13,-22,-8,-2,-2,-2,-1,-3
"25",1434392785,392900001,8,-3,0,0,1,0,2,2
"26",1434392785,392890001,2,4,-6,0,3,2,2,1
"27",1434392785,392880001,16,9,-9,-2,-1,0,0,-2
"28",1434392785,392870001,4,13,-10,0,0,1,-2,1
"29",1434392785,392860001,-5,-12,-3,2,1,1,0,2
"30",1434392785,392850001,-4,18,0,-1,0,-1,-4,-3
"31",1434392785,392840001,-2,1,6,-2,0,1,2,-1
"32",1434392785,392830001,-9,-12,2,0,-1,1,-1,-1
"33",1434392784,392820001,-1,13,-8,-1,-1,0,-3,-2
"34",1434392784,392810001,-6,-4,-1,-1,2,0,0,-2
"35",1434392784,392800001,1,-3,-7,-1,-1,-1,1,-2
"36",1434392784,392790001,-2,-10,0,0,0,0,-1,-1
"37",1434392784,392780001,8,14,7,1,-1,1,5,-2
"38",1434392784,392770001,1,1,-3,-2,0,-2,-2,1
"39",1434392784,392760001,-8,15,17,2,0,0,0,-2
"40",1434392784,392750001,-12,9,2,-2,-1,1,2,-3
"41",1434392784,392740001,2,11,16,1,1,1,0,5
"42",1434392784,392730001,11,11,14,-1,0,0,-4,-1
"43",1434392783,392720001,-11,11,9,0,-1,-4,-4,-5
"44",1434392783,392710001,-4,8,-1,-3,-3,-3,-6,-4
"45",1434392783,392700001,-16,17,3,2,0,-2,-4,-4
"46",1434392783,392690001,-1,-27,1,0,0,0,1,-3
"47",1434392783,392680001,-8,-6,-20,-2,-2,-3,-5,-4
"48",1434392783,392670001,-8,-2,-8,-3,1,-1,2,-1
"49",1434392783,392660001,7,4,-1,2,1,-1,0,2
"50",1434392783,392650001,-4,-15,13,-2,0,1,1,0
