"emg.time","emg.sequence_number","emg.sig8","emg.sig1","emg.sig2","emg.sig3","emg.sig4","emg.sig5","emg.sig6","emg.sig7"
"1",1434392733,387950001,1,2,2,3,-7,-4,-1,0
"2",1434392733,387940001,-2,-9,-3,-9,-8,-1,-1,0
"3",1434392733,387930001,0,-2,2,5,-21,1,1,0
"4",1434392733,387920001,0,-2,-1,0,4,-4,0,1
"5",1434392733,387910001,1,2,3,0,15,0,0,0
"6",1434392733,387900001,-1,-1,-1,0,-3,1,0,-1
"7",1434392732,387890001,-2,-3,-1,-5,-15,2,0,-1
"8",1434392732,387880001,0,-7,-4,-1,16,5,-1,1
"9",1434392732,387870001,0,-2,-4,-2,10,1,0,-1
"10",1434392732,387860001,-2,2,2,0,4,0,-3,-1
"11",1434392732,387850001,0,0,-2,-6,13,4,1,0
"12",1434392732,387840001,0,1,4,6,1,-8,-1,0
"13",1434392732,387830001,0,-1,-4,-1,33,14,1,2
"14",1434392732,387820001,-2,2,1,0,21,-4,0,-1
"15",1434392732,387810001,-2,-2,9,0,-15,1,1,0
"16",1434392732,387800001,0,-3,-4,-3,16,5,-2,0
"17",1434392731,387790001,1,-1,3,8,7,2,0,2
"18",1434392731,387780001,1,2,-5,-5,12,5,0,1
"19",1434392731,387770001,-2,3,-2,6,-4,-1,0,1
"20",1434392731,387760001,-2,-2,-4,-5,-35,-7,-2,-1
"21",1434392731,387750001,0,0,-1,1,-5,2,-2,-2
"22",1434392731,387740001,-2,0,-2,-3,24,8,-1,0
"23",1434392731,387730001,-1,1,-3,-3,8,5,1,2
"24",1434392731,387720001,-2,-1,-1,6,15,5,-1,-1
"25",1434392731,387710001,0,1,1,-3,13,-2,-1,1
"26",1434392731,387700001,1,3,2,16,8,1,1,0
"27",1434392730,387690001,2,0,6,5,15,6,1,2
"28",1434392730,387680001,-1,-7,-4,-8,-17,-5,-1,-1
"29",1434392730,387670001,-1,-3,9,0,17,3,-2,-3
"30",1434392730,387660001,-2,1,8,-6,-32,-10,-3,-3
"31",1434392730,387650001,0,1,-2,-5,-7,1,1,0
"32",1434392730,387640001,0,4,1,0,-28,-2,0,-2
"33",1434392730,387630001,-1,1,-1,-1,22,2,-1,0
"34",1434392730,387620001,2,-3,-6,-4,-7,1,-1,0
"35",1434392730,387610001,-1,-7,-3,-2,-16,0,0,0
"36",1434392730,387600001,1,2,1,4,-9,-2,0,-1
"37",1434392729,387590001,0,-1,2,8,-7,-7,1,0
"38",1434392729,387580001,1,-1,-4,-15,4,6,-1,0
"39",1434392729,387570001,-3,-4,4,0,-23,-3,-2,-3
"40",1434392729,387560001,-2,-6,-3,-2,-3,-14,0,-1
"41",1434392729,387550001,3,2,0,0,6,3,1,-1
"42",1434392729,387540001,1,1,1,-5,6,-2,-1,-1
"43",1434392729,387530001,-3,-1,0,4,-2,-8,-2,-2
"44",1434392729,387520001,-1,-1,0,3,9,1,1,0
"45",1434392729,387510001,2,-2,11,0,-7,4,0,0
"46",1434392728,387500001,-1,1,-1,0,3,2,0,0
"47",1434392728,387490001,2,4,2,-1,-21,-6,-1,1
"48",1434392728,387480001,-1,2,-2,-7,-12,9,-2,2
"49",1434392728,387470001,0,0,-1,3,-3,-1,-1,-2
"50",1434392728,387460001,-2,-2,-2,-7,-1,-1,-2,-1
