"emg.time","emg.sequence_number","emg.sig8","emg.sig1","emg.sig2","emg.sig3","emg.sig4","emg.sig5","emg.sig6","emg.sig7"
"1",1434392740,388650001,-3,-1,0,0,9,3,2,-1
"2",1434392740,388640001,0,2,-1,-1,2,0,1,1
"3",1434392740,388630001,0,3,-1,6,5,-6,-1,0
"4",1434392740,388620001,-2,-1,-2,-4,-25,-7,-2,0
"5",1434392740,388610001,-1,-4,-7,-6,-27,-1,-4,-1
"6",1434392740,388600001,-2,-1,-3,-12,-17,-2,-3,-2
"7",1434392740,388590001,-2,2,0,1,9,1,-1,-2
"8",1434392739,388580001,2,5,-3,1,8,5,0,0
"9",1434392739,388570001,0,0,-1,3,-5,3,1,-1
"10",1434392739,388560001,-1,-4,1,10,-14,2,-1,0
"11",1434392739,388550001,1,1,-4,-5,-6,-3,-2,0
"12",1434392739,388540001,-3,-3,-1,-4,0,3,-3,0
"13",1434392739,388530001,-2,-2,2,0,19,4,1,-1
"14",1434392739,388520001,-2,-2,-2,6,-3,9,-3,-2
"15",1434392739,388510001,-2,-4,2,-2,-3,0,0,-2
"16",1434392739,388500001,1,0,1,-3,3,10,1,2
"17",1434392739,388490001,-2,0,-4,-9,-45,-11,0,-3
"18",1434392738,388480001,-1,-2,-3,-3,-2,-4,-1,-1
"19",1434392738,388470001,-2,0,0,-2,-11,0,-1,-2
"20",1434392738,388460001,1,5,3,5,37,4,0,1
"21",1434392738,388450001,-3,-5,-9,-12,35,2,-1,-3
"22",1434392738,388440001,-1,-1,-1,2,20,1,0,-1
"23",1434392738,388430001,1,3,-5,-3,5,-8,1,1
"24",1434392738,388420001,-1,-3,0,2,4,-15,-1,-1
"25",1434392738,388410001,1,5,4,3,16,-1,1,0
"26",1434392738,388400001,-1,1,-4,2,23,7,1,-4
"27",1434392738,388390001,0,-3,0,-2,4,-6,-2,2
"28",1434392737,388380001,0,-1,-3,0,-3,9,0,-2
"29",1434392737,388370001,0,3,-2,-3,-11,-6,-2,0
"30",1434392737,388360001,0,-1,1,0,3,2,0,-1
"31",1434392737,388350001,-6,-7,-7,-11,-9,-9,-3,0
"32",1434392737,388340001,-1,-2,5,9,22,3,1,1
"33",1434392737,388330001,0,-3,-1,3,8,0,0,0
"34",1434392737,388320001,2,5,-2,2,-40,-8,1,0
"35",1434392737,388310001,-2,-6,-3,2,-5,6,-1,-2
"36",1434392737,388300001,-1,1,1,-3,-9,3,0,-1
"37",1434392737,388290001,-2,-4,-1,-4,12,-4,1,-3
"38",1434392736,388280001,1,0,2,9,23,2,0,0
"39",1434392736,388270001,2,4,1,2,-41,1,0,0
"40",1434392736,388260001,0,1,-2,0,9,1,1,-2
"41",1434392736,388250001,-1,0,-2,-3,9,9,-1,1
"42",1434392736,388240001,-2,-3,-2,5,21,0,0,-2
"43",1434392736,388230001,-3,0,2,-4,-36,-3,0,1
"44",1434392736,388220001,0,-2,4,1,8,1,0,-1
"45",1434392736,388210001,0,0,-3,-6,26,-1,0,1
"46",1434392736,388200001,-1,1,-2,-2,8,0,1,2
"47",1434392736,388190001,1,2,2,7,-1,-3,0,0
"48",1434392735,388180001,-1,0,0,-7,16,3,2,-1
"49",1434392735,388170001,0,-4,-2,-6,8,4,-1,-1
"50",1434392735,388160001,1,2,-2,1,0,3,-1,-3
