"emg.time","emg.sequence_number","emg.sig7","emg.sig8","emg.sig1","emg.sig2","emg.sig3","emg.sig4","emg.sig5","emg.sig6"
"1",1434392784,392780001,-1,1,5,-2,8,14,7,1
"2",1434392784,392770001,0,-2,-2,1,1,1,-3,-2
"3",1434392784,392760001,0,0,0,-2,-8,15,17,2
"4",1434392784,392750001,-1,1,2,-3,-12,9,2,-2
"5",1434392784,392740001,1,1,0,5,2,11,16,1
"6",1434392784,392730001,0,0,-4,-1,11,11,14,-1
"7",1434392783,392720001,-1,-4,-4,-5,-11,11,9,0
"8",1434392783,392710001,-3,-3,-6,-4,-4,8,-1,-3
"9",1434392783,392700001,0,-2,-4,-4,-16,17,3,2
"10",1434392783,392690001,0,0,1,-3,-1,-27,1,0
"11",1434392783,392680001,-2,-3,-5,-4,-8,-6,-20,-2
"12",1434392783,392670001,1,-1,2,-1,-8,-2,-8,-3
"13",1434392783,392660001,1,-1,0,2,7,4,-1,2
"14",1434392783,392650001,0,1,1,0,-4,-15,13,-2
"15",1434392783,392640001,1,1,3,-1,4,1,15,-1
"16",1434392783,392630001,-1,0,2,1,4,7,-9,0
"17",1434392782,392620001,1,2,1,1,-1,-5,-36,-3
"18",1434392782,392610001,0,0,-1,3,5,9,6,-3
"19",1434392782,392600001,-2,-1,-1,-4,-12,-21,6,-3
"20",1434392782,392590001,0,0,0,0,-4,-5,-2,1
"21",1434392782,392580001,-2,0,3,2,-3,-8,0,-2
"22",1434392782,392570001,-1,-1,0,-2,-1,4,-8,-1
"23",1434392782,392560001,1,1,-4,0,1,2,6,2
"24",1434392782,392550001,-1,1,0,0,0,-5,-1,-1
"25",1434392782,392540001,0,1,0,-1,-6,-9,-4,0
"26",1434392782,392530001,-1,1,0,-2,-2,1,-2,-2
"27",1434392781,392520001,-2,-1,-4,-1,2,-6,1,-2
"28",1434392781,392510001,-1,0,-4,-3,-18,-13,2,3
"29",1434392781,392500001,0,-1,-3,-1,-12,-3,-7,0
"30",1434392781,392490001,0,0,3,0,-5,-8,-4,0
"31",1434392781,392480001,0,-1,1,2,9,11,0,-4
"32",1434392781,392470001,-2,-1,0,5,-1,4,-8,1
"33",1434392781,392460001,-1,-1,-3,-1,-8,-16,-4,-1
"34",1434392781,392450001,-1,-1,-3,0,3,-36,6,-2
"35",1434392781,392440001,-2,0,-9,-2,1,1,-10,-1
"36",1434392781,392430001,0,0,0,0,-2,-10,-14,-1
"37",1434392780,392420001,0,-3,-1,-2,-3,1,8,2
"38",1434392780,392410001,-2,0,2,1,-4,-3,3,0
"39",1434392780,392400001,-1,0,-2,-1,4,-2,2,0
"40",1434392780,392390001,-1,-1,-1,-2,-5,-2,0,3
"41",1434392780,392380001,2,2,-3,-3,2,8,9,2
"42",1434392780,392370001,0,-1,0,-1,0,4,1,1
"43",1434392780,392360001,0,1,2,-1,2,11,4,-2
"44",1434392780,392350001,0,-2,-5,-4,-12,2,-2,0
"45",1434392780,392340001,0,2,2,1,13,3,-8,-2
"46",1434392779,392330001,0,0,1,2,2,0,9,3
"47",1434392779,392320001,-1,-1,0,-1,3,-3,-8,-1
"48",1434392779,392310001,1,-1,1,1,-1,5,6,0
"49",1434392779,392300001,-1,-1,1,2,-3,-2,-8,-1
"50",1434392779,392290001,-1,0,-1,-2,-4,-9,18,1
