"emg.time","emg.sequence_number","emg.sig3","emg.sig4","emg.sig5","emg.sig6","emg.sig7","emg.sig8","emg.sig1","emg.sig2"
"1",1434392737,388300001,-3,-9,3,0,-1,-1,1,1
"2",1434392737,388290001,-4,12,-4,1,-3,-2,-4,-1
"3",1434392736,388280001,9,23,2,0,0,1,0,2
"4",1434392736,388270001,2,-41,1,0,0,2,4,1
"5",1434392736,388260001,0,9,1,1,-2,0,1,-2
"6",1434392736,388250001,-3,9,9,-1,1,-1,0,-2
"7",1434392736,388240001,5,21,0,0,-2,-2,-3,-2
"8",1434392736,388230001,-4,-36,-3,0,1,-3,0,2
"9",1434392736,388220001,1,8,1,0,-1,0,-2,4
"10",1434392736,388210001,-6,26,-1,0,1,0,0,-3
"11",1434392736,388200001,-2,8,0,1,2,-1,1,-2
"12",1434392736,388190001,7,-1,-3,0,0,1,2,2
"13",1434392735,388180001,-7,16,3,2,-1,-1,0,0
"14",1434392735,388170001,-6,8,4,-1,-1,0,-4,-2
"15",1434392735,388160001,1,0,3,-1,-3,1,2,-2
"16",1434392735,388150001,-8,11,0,-1,0,1,1,4
"17",1434392735,388140001,-1,-10,-15,-3,-1,1,0,3
"18",1434392735,388130001,5,5,6,-3,-1,-2,-2,-2
"19",1434392735,388120001,-2,-2,-8,-3,0,2,-2,1
"20",1434392735,388110001,7,-10,-3,-2,-1,-1,-1,2
"21",1434392735,388100001,0,-13,-2,1,0,0,0,2
"22",1434392734,388090001,2,11,-8,0,0,1,0,1
"23",1434392734,388080001,-3,-12,-3,1,0,0,-2,-3
"24",1434392734,388070001,2,-6,-7,-1,0,-3,0,1
"25",1434392734,388060001,-1,9,-4,-2,-2,-1,5,2
"26",1434392734,388050001,0,15,1,1,3,0,-4,0
"27",1434392734,388040001,-7,-69,-5,-1,0,-1,-1,-3
"28",1434392734,388030001,-5,-11,-1,-2,1,0,-1,-3
"29",1434392734,388020001,0,-14,0,-1,-1,2,2,2
"30",1434392734,388010001,-1,-9,2,0,1,-1,-1,0
"31",1434392734,388000001,3,-31,-14,-1,-1,-1,0,-4
"32",1434392733,387990001,-2,8,-5,-2,-2,0,0,-1
"33",1434392733,387980001,0,13,0,-1,1,1,5,1
"34",1434392733,387970001,-3,3,4,-1,0,-1,0,-7
"35",1434392733,387960001,-5,-6,-2,-1,-1,-1,1,-3
"36",1434392733,387950001,3,-7,-4,-1,0,1,2,2
"37",1434392733,387940001,-9,-8,-1,-1,0,-2,-9,-3
"38",1434392733,387930001,5,-21,1,1,0,0,-2,2
"39",1434392733,387920001,0,4,-4,0,1,0,-2,-1
"40",1434392733,387910001,0,15,0,0,0,1,2,3
"41",1434392733,387900001,0,-3,1,0,-1,-1,-1,-1
"42",1434392732,387890001,-5,-15,2,0,-1,-2,-3,-1
"43",1434392732,387880001,-1,16,5,-1,1,0,-7,-4
"44",1434392732,387870001,-2,10,1,0,-1,0,-2,-4
"45",1434392732,387860001,0,4,0,-3,-1,-2,2,2
"46",1434392732,387850001,-6,13,4,1,0,0,0,-2
"47",1434392732,387840001,6,1,-8,-1,0,0,1,4
"48",1434392732,387830001,-1,33,14,1,2,0,-1,-4
"49",1434392732,387820001,0,21,-4,0,-1,-2,2,1
"50",1434392732,387810001,0,-15,1,1,0,-2,-2,9
