"emg.time","emg.sequence_number","emg.sig1","emg.sig2","emg.sig3","emg.sig4","emg.sig5","emg.sig6","emg.sig7","emg.sig8"
"1",1434392719,386590001,-2,-2,-4,5,-1,0,-1,-3
"2",1434392719,386580001,-3,-2,-4,-18,-10,0,0,-2
"3",1434392719,386570001,1,-1,-4,-9,-3,0,0,0
"4",1434392719,386560001,2,-5,0,-14,0,-1,-2,1
"5",1434392719,386550001,-4,-1,-3,8,-7,-2,0,-3
"6",1434392719,386540001,-7,-1,-1,34,5,1,-1,-3
"7",1434392719,386530001,6,3,-1,5,-1,0,-1,2
"8",1434392719,386520001,-5,-8,3,-4,0,-1,-2,-1
"9",1434392718,386510001,-4,5,-2,-5,-6,-3,-2,-3
"10",1434392718,386500001,0,5,3,21,6,1,-1,0
"11",1434392718,386490001,6,2,6,21,8,-2,1,1
"12",1434392718,386480001,-3,1,-2,-60,-16,-1,-1,-1
"13",1434392718,386470001,-1,1,-4,24,0,0,-1,0
"14",1434392718,386460001,0,-2,-4,-7,6,0,0,0
"15",1434392718,386450001,0,1,-5,-4,0,1,0,0
"16",1434392718,386440001,2,0,-20,-8,13,0,0,0
"17",1434392718,386430001,-3,-4,19,25,2,-2,-3,0
"18",1434392717,386420001,-2,-4,-2,7,3,-2,-2,-4
"19",1434392717,386410001,-2,-2,-4,-9,-9,0,0,0
"20",1434392717,386400001,-1,-4,-3,4,5,-2,1,0
"21",1434392717,386390001,2,-1,7,20,8,0,1,0
"22",1434392717,386380001,-2,2,7,22,6,0,-2,-3
"23",1434392717,386370001,1,0,-7,12,3,1,-2,-1
"24",1434392717,386360001,0,0,0,-2,-7,-2,0,0
"25",1434392717,386350001,1,-5,-1,4,-3,-1,1,0
"26",1434392717,386340001,1,-3,-1,-22,-4,0,-2,-2
"27",1434392717,386330001,4,2,12,-17,-18,-2,-3,-1
"28",1434392716,386320001,4,1,11,31,9,-1,-1,3
"29",1434392716,386310001,-4,-1,2,3,-1,0,-2,0
"30",1434392716,386300001,-4,1,-1,7,0,-1,-2,-4
"31",1434392716,386290001,1,-4,2,26,6,-1,-1,-1
"32",1434392716,386280001,2,-7,-1,1,3,0,-2,-2
"33",1434392716,386270001,1,-7,-6,11,6,0,0,-1
"34",1434392716,386260001,2,0,-5,-5,-13,-2,-1,1
"35",1434392716,386250001,-2,-3,-6,-29,-14,-2,-1,1
"36",1434392716,386240001,-1,-1,-1,-17,-2,1,-1,0
"37",1434392716,386230001,-3,-1,0,14,3,0,-2,-2
"38",1434392715,386220001,-3,-4,4,-29,-6,0,-2,-2
"39",1434392715,386210001,0,0,-1,2,-1,-1,0,-1
"40",1434392715,386200001,4,0,1,4,-8,0,3,1
"41",1434392715,386190001,0,-1,14,21,7,1,1,0
"42",1434392715,386180001,-3,-2,0,18,1,-2,-2,-1
"43",1434392715,386170001,0,-3,8,1,-1,-1,-1,-1
"44",1434392715,386160001,4,-2,3,26,10,2,1,2
"45",1434392715,386150001,-7,-3,-2,1,-5,-1,-1,-2
"46",1434392715,386140001,-3,-4,-2,2,3,-4,-2,-1
"47",1434392715,386130001,0,3,0,-15,-4,-1,1,1
"48",1434392714,386120001,3,1,3,26,8,1,0,2
"49",1434392714,386110001,0,0,-1,-14,3,-4,-2,-1
"50",1434392714,386100001,-1,0,7,10,-28,-4,-2,-1
