"emg.time","emg.sequence_number","emg.sig1","emg.sig2","emg.sig3","emg.sig4","emg.sig5","emg.sig6","emg.sig7","emg.sig8"
"1",1434262438,302390001,3,21,7,-3,-3,-2,-2,-5
"2",1434262438,302380001,1,14,15,-2,2,-4,-1,-2
"3",1434262438,302370001,2,-6,4,-4,-7,-1,2,-1
"4",1434262438,302360001,-7,-51,-12,-2,9,-2,1,0
"5",1434262438,302350001,6,7,-11,-4,-1,-1,-1,-2
"6",1434262438,302340001,10,15,10,0,-2,-4,-2,1
"7",1434262438,302330001,0,1,9,3,-2,-4,-2,-2
"8",1434262438,302320001,1,-5,0,-3,1,2,-1,0
"9",1434262438,302310001,0,7,-8,0,-5,2,2,1
"10",1434262438,302300001,1,5,2,1,0,3,1,0
"11",1434262437,302290001,12,-10,-5,-3,1,1,5,0
"12",1434262437,302280001,3,0,-6,-1,-2,1,-1,0
"13",1434262437,302270001,6,13,7,-1,0,2,0,2
"14",1434262437,302260001,3,10,1,-2,2,1,-1,-3
"15",1434262437,302250001,5,12,6,1,3,1,0,1
"16",1434262437,302240001,-1,-25,0,3,3,0,1,0
"17",1434262437,302230001,1,2,-4,-3,-1,-8,-2,-1
"18",1434262437,302220001,0,-12,2,2,0,-1,0,0
"19",1434262437,302210001,-1,4,2,1,2,3,0,2
"20",1434262436,302200001,3,12,-1,-3,-2,-3,-1,-1
"21",1434262436,302190001,-4,12,5,3,2,-6,0,-1
"22",1434262436,302180001,-11,-9,6,1,-1,-1,1,0
"23",1434262436,302170001,-8,-13,-7,-4,2,-5,0,2
"24",1434262436,302160001,-4,-9,-9,0,2,-1,-3,-2
"25",1434262436,302150001,1,0,-12,-6,0,0,0,-1
"26",1434262436,302140001,6,9,5,-5,-1,0,-4,3
"27",1434262436,302130001,-2,-40,-6,1,1,2,4,3
"28",1434262436,302120001,3,-6,3,1,-1,0,0,0
"29",1434262436,302110001,0,-7,-6,0,0,5,4,1
"30",1434262435,302100001,-5,-5,2,-1,-7,-4,-15,-23
"31",1434262435,302090001,-10,-23,35,2,16,2,-15,14
"32",1434262435,302080001,6,39,25,6,11,-3,-1,-2
"33",1434262435,302070001,-5,-8,-1,1,0,-3,-3,-5
"34",1434262435,302060001,3,-2,1,1,-2,1,0,0
"35",1434262435,302050001,-3,-2,-1,1,-2,-2,-1,0
"36",1434262435,302040001,0,2,-3,-1,-2,-2,0,-2
"37",1434262435,302030001,-2,-7,3,-1,0,0,-3,-1
"38",1434262435,302020001,-1,-3,-2,-2,0,1,0,0
"39",1434262435,302010001,0,0,1,0,-2,1,0,0
"40",1434262434,302000001,2,2,3,0,-1,0,-1,-1
"41",1434262434,301990001,-1,-4,-6,-2,-2,-2,0,2
"42",1434262434,301980001,-1,-2,-1,-2,0,-2,0,1
"43",1434262434,301970001,0,-3,0,0,-1,-2,0,-2
"44",1434262434,301960001,1,1,-3,-3,-2,-1,0,0
"45",1434262434,301950001,2,1,2,1,-1,-1,1,-1
"46",1434262434,301940001,-2,-4,-2,1,0,-1,0,-2
"47",1434262434,301930001,-5,-3,1,0,0,-3,0,-2
"48",1434262434,301920001,0,-4,5,1,0,1,0,-3
"49",1434262434,301910001,3,2,10,1,2,1,0,11
"50",1434262433,301900001,0,21,0,1,-3,-2,0,-2
